SM:2025-08-12T10:07:50.1171660Z
LM:2025-08-12T10:07:53.7222783Z
CT:image/jpeg
MA:2592000
CL:12153
