SM:2025-08-12T10:07:50.1478863Z
LM:2025-08-12T10:07:53.8152840Z
CT:image/jpeg
MA:2592000
CL:22586
