SM:2025-08-12T10:07:50.1437911Z
LM:2025-08-12T12:40:18.2364479Z
CT:image/jpeg
MA:2592000
CL:8966
