SM:2025-08-12T10:07:50.1468888Z
LM:2025-08-12T10:07:53.7844305Z
CT:image/jpeg
MA:2592000
CL:32227
