SM:2025-08-12T10:07:50.1478863Z
LM:2025-08-12T10:07:53.6503589Z
CT:image/jpeg
MA:2592000
CL:21661
