SM:2025-08-12T10:07:50.1150528Z
LM:2025-08-12T10:07:53.7485520Z
CT:image/jpeg
MA:2592000
CL:13487
