SM:2025-08-12T10:07:50.1416813Z
LM:2025-08-12T10:07:53.6927082Z
CT:image/jpeg
MA:2592000
CL:23718
