SM:2025-08-12T10:07:50.1531487Z
LM:2025-08-12T10:07:53.9197409Z
CT:image/jpeg
MA:2592000
CL:36866
