SM:2025-08-12T10:07:50.1140553Z
LM:2025-08-12T10:07:53.7220180Z
CT:image/jpeg
MA:2592000
CL:8504
