SM:2025-08-12T10:07:50.1631987Z
LM:2025-08-12T10:07:53.8888740Z
CT:image/jpeg
MA:2592000
CL:19583
