SM:2025-08-12T10:07:50.1095158Z
LM:2025-08-12T10:07:53.7963962Z
CT:image/jpeg
MA:2592000
CL:14965
