SM:2025-08-12T10:07:50.1447877Z
LM:2025-08-12T10:07:53.6453423Z
CT:image/jpeg
MA:2592000
CL:22050
