SM:2025-08-12T10:07:50.1531487Z
LM:2025-08-12T12:40:18.2357098Z
CT:image/jpeg
MA:2592000
CL:9919
