SM:2025-08-12T10:07:50.1631987Z
LM:2025-08-12T10:07:53.9325481Z
CT:image/jpeg
MA:2592000
CL:18260
