SM:2025-08-12T10:07:50.1447877Z
LM:2025-08-12T12:40:18.2355251Z
CT:image/jpeg
MA:2592000
CL:6792
