SM:2025-08-12T10:07:50.1478863Z
LM:2025-08-12T12:40:18.2353235Z
CT:image/jpeg
MA:2592000
CL:5729
