SM:2025-08-12T10:07:50.1571668Z
LM:2025-08-12T10:07:53.8384793Z
CT:image/jpeg
MA:2592000
CL:13019
