SM:2025-08-12T10:07:50.1631987Z
LM:2025-08-12T12:40:18.6020461Z
CT:image/jpeg
MA:2592000
CL:19583
