SM:2025-08-12T10:07:50.1140553Z
LM:2025-08-12T12:40:18.2458668Z
CT:image/jpeg
MA:2592000
CL:13911
