SM:2025-08-12T10:07:50.1437911Z
LM:2025-08-12T10:07:53.7909002Z
CT:image/jpeg
MA:2592000
CL:38126
