SM:2025-08-12T10:07:50.1171660Z
LM:2025-08-12T12:40:18.5450588Z
CT:image/jpeg
MA:2592000
CL:21978
