SM:2025-08-12T10:07:50.1150528Z
LM:2025-08-12T12:40:18.5817637Z
CT:image/jpeg
MA:2592000
CL:24278
